2000 5 50
100
E 1 3 998.13011 11
E 2 6 1008.85231 10
E 3 7 993.95812 2
E 4 9 1008.39365 15
E 5 11 998.45027 1
E 6 13 997.63454 1
E 7 14 995.08312 1
E 8 15 1007.92803 3
E 9 18 990.27621 1
E 10 20 994.17957 2
E 11 22 996.07345 2
Q LAST T 26
E 12 29 1008.36776 19
E 13 31 991.79489 3
E 14 32 994.73147 4
E 15 36 992.80242 1
E 16 37 1007.19185 2
E 17 41 996.25977 1
E 18 45 1008.10872 14
E 19 47 998.06352 18
E 20 49 1008.59240 5
E 21 53 1002.71909 1
E 22 57 1009.69745 9
E 23 59 997.29422 9
E 24 61 1001.00542 4
E 25 64 990.62231 2
E 26 66 1007.91239 10
E 27 69 993.09064 3
E 28 73 1001.59434 3
E 29 76 1001.75624 2
Q LAST T 79
E 30 83 991.07103 12
E 31 85 1009.58014 4
E 32 86 1008.23250 3
E 33 87 1008.59468 2
E 34 91 995.73330 8
E 35 92 992.30468 5
E 36 93 1000.46632 1
E 37 94 993.76761 10
E 38 98 1002.76878 9
E 39 100 996.61430 9
E 40 103 1000.84819 2
E 41 106 997.20126 3
E 42 110 1009.83832 3
E 43 113 997.58196 8
E 44 117 1003.86840 3
Q MAX E 118
E 45 121 992.82366 1
E 46 123 1001.84330 10
E 47 124 990.12259 20
E 48 126 1005.01556 4
E 49 129 1007.05521 8
Q LAST T 130
E 50 133 1009.13237 7
Q LAST T 137
E 51 141 995.46924 7
E 52 145 990.68374 12
E 53 148 993.42594 15
E 54 149 1000.89468 5
E 55 151 993.58969 5
E 56 152 1007.22414 2
Q LAST T 153
E 57 155 999.48662 2
E 58 157 1007.45899 2
E 59 160 1007.12891 2
E 60 164 997.89493 6
E 61 168 1005.40587 3
E 62 169 992.63911 17
E 63 170 991.35829 1
E 64 171 999.54638 15
E 65 172 995.86112 1
E 66 174 1008.97808 1
E 67 175 999.47846 4
E 68 178 1003.68764 2
Q MAX E 182
E 69 186 1005.32768 2
E 70 189 999.31426 1
E 71 190 990.75729 1
E 72 192 992.52528 1
E 73 195 1001.86324 2
E 74 197 1007.30558 1
E 75 200 999.81886 1
E 76 203 999.76059 2
Q LAST T 207
E 77 209 995.77565 2
E 78 211 996.31356 1
E 79 212 1003.08318 2
E 80 215 1005.35963 1
Q MIN E 218
E 81 220 996.11845 8
E 82 222 993.96962 3
E 83 226 1003.44635 2
E 84 229 993.42975 9
E 85 233 995.00065 19
E 86 237 992.18403 5
E 87 240 995.85815 1
E 88 244 1005.46648 10
E 89 246 1005.69814 2
Q MAX E 247
E 90 251 997.62084 1
